  height=(0.574);


  State=[0;0;1;0;1;0;0;1;0];

  Pos=[-0.06    0.06     height
                    0      0.06     height
                    0.06    0.06     height
                  -0.06     0       height
                   0       0       height
                   0.06     0       height
                  -0.06   -0.06     height
                   0     -0.06      height
                   0.06   -0.06      height];
    mole=[State Pos];